36
35768
4947 4915 4510 4451 4407 4382 3842 3823 3707 3524 3484 3269 3157 2885 2494 2308 2077 2054 2021 1931 1874 1738 1594 1512 1320 1093 974 876 601 448 412 325 313 236 178 78
5139 6664 5816 6248 5720 5271 5512 5175 4722 4706 4624 3748 3642 3952 2973 3154 2370 2834 2921 2240 2017 2490 1901 1923 1546 1150 1114 1196 690 536 613 467 328 273 253 110
36
3 4
26 27
12 13
21 22
22 23
31 32
8 9
17 18
27 28
25 26
13 14
32 33
18 19
4 5
5 6
14 15
23 24
0 1
9 10
1 2
10 11
19 20
28 29
6 7
15 16
24 25
33 34
20 21
29 30
34 35
35 0
2 3
11 12
7 8
30 31
16 17
