38
42593
4678 4577 4362 4345 4164 4144 3949 3810 3604 3577 3376 3370 3301 3156 3139 3106 2953 2507 2398 2239 2117 2042 2024 1900 1622 1518 1453 1269 926 839 815 727 710 697 509 309 190 127
6309 6791 5510 6292 4554 6195 4628 5350 5130 4658 3671 4530 3333 3952 4525 4308 3320 3119 3076 2883 2184 2993 2071 1978 1698 1561 2158 1546 1043 947 938 767 793 803 607 453 262 144
37
22 2
22 8
22 5
22 11
22 14
22 20
22 17
22 23
22 26
22 32
22 29
22 35
22 1
22 4
22 7
22 13
22 10
22 16
22 19
22 25
22 28
22 31
22 37
22 34
22 0
22 6
22 3
22 9
22 12
22 18
22 15
22 21
22 27
22 24
22 30
22 33
22 36
