40
58854
4741 4683 4681 4650 4553 4499 4490 4454 4234 4190 4107 4104 4078 4053 4019 3796 3686 3454 3401 3195 3055 2991 2442 2414 2301 2244 1891 1856 1648 1427 1420 1168 985 977 727 489 390 317 302 128
6947 4926 5161 5663 6733 5697 5585 5024 5385 5409 5543 4236 4616 5725 5137 5445 5451 4167 4322 3404 3647 4463 3646 2837 3177 2906 2060 2070 2083 1638 1509 1391 1071 1282 951 683 521 406 362 184
40
3 4
26 27
35 36
12 13
21 22
22 23
31 32
8 9
17 18
27 28
25 26
36 37
13 14
32 33
18 19
4 5
5 6
14 15
23 24
0 1
9 10
1 2
10 11
19 20
28 29
37 38
6 7
15 16
24 25
33 34
20 21
29 30
38 39
34 35
2 3
11 12
7 8
39 0
30 31
16 17
