36
57562
4930 4827 4741 4671 4669 4627 4536 4446 4376 4354 4312 4254 4230 4190 4054 3792 3764 3709 3699 3669 3453 3013 2737 1732 1706 1397 1277 1130 1002 969 794 720 689 555 522 505
6823 5564 6152 4683 6877 6051 4835 4707 4465 5616 6245 5800 5951 4375 5628 3956 4547 5190 4465 3733 4222 3823 2878 2150 2139 1458 1831 1589 1148 1350 863 1064 819 666 590 733
35
7 17
7 23
7 20
7 26
7 29
7 35
7 32
7 4
7 1
7 10
7 16
7 13
7 19
7 22
7 28
7 25
7 31
7 34
7 0
7 3
7 9
7 6
7 12
7 15
7 21
7 18
7 24
7 30
7 27
7 33
7 2
7 5
7 11
7 8
7 14
