34
47794
4740 4644 4525 4417 4354 4299 4160 4016 3968 3913 3815 3662 3480 3432 3411 3136 2952 2854 2712 2620 2619 2215 2034 1748 1720 1625 1612 1468 1290 1181 950 560 308 205
5882 5143 4848 4589 5909 5419 5458 5359 5353 4895 4409 4271 4923 4845 4412 3944 3661 3443 3886 3326 3210 3120 3014 2042 2441 1887 1917 1617 1502 1754 1235 738 371 233
34
3 4
26 27
12 13
21 22
22 23
31 32
8 9
17 18
27 28
25 26
13 14
32 33
18 19
4 5
5 6
14 15
23 24
0 1
9 10
1 2
10 11
19 20
28 29
6 7
15 16
24 25
20 21
29 30
33 0
2 3
11 12
7 8
30 31
16 17
