38
43254
4929 4849 4580 4069 3740 3693 3630 3587 3299 3241 3163 3162 3125 3004 2964 2840 2723 2644 2575 2469 2289 2245 2068 1951 1918 1571 1313 1313 922 850 799 752 722 672 652 489 292 92
5696 6177 4947 4904 4789 4702 4182 4722 4181 4644 3951 4229 3849 3351 3017 3018 3642 3423 3124 3066 3425 2742 2915 2055 2023 1666 1898 1486 993 1239 936 758 765 739 850 581 434 111
38
37 0
3 4
26 27
35 36
12 13
21 22
22 23
31 32
8 9
17 18
27 28
25 26
36 37
13 14
32 33
18 19
4 5
5 6
14 15
23 24
0 1
9 10
1 2
10 11
19 20
28 29
6 7
15 16
24 25
33 34
20 21
29 30
34 35
2 3
11 12
7 8
30 31
16 17
