40
59575
4940 4901 4858 4779 4636 4448 4373 4059 3835 3798 3732 3590 3568 3542 3368 3290 3265 3235 3233 3046 2933 2900 2720 2617 2330 2199 1949 1809 1735 1666 1664 1581 1576 1561 985 983 883 562 289 86
5623 6183 5432 6871 6511 6161 5082 5360 4188 4664 4006 4848 3809 4806 4747 4498 3856 3723 4235 3328 3856 3544 3897 3753 3094 3195 2782 1928 1922 2354 2056 2191 1880 2283 1080 1078 1081 634 310 105
39
39 12
39 18
39 21
39 27
39 24
39 30
39 33
39 36
39 2
39 8
39 5
39 11
39 14
39 20
39 17
39 23
39 26
39 32
39 29
39 35
39 38
39 1
39 4
39 7
39 13
39 10
39 16
39 22
39 19
39 25
39 28
39 34
39 31
39 37
39 0
39 6
39 3
39 9
39 15
